# unix_time, cycles_done, cur_path, paths_total, pending_total, pending_favs, map_size, unique_crashes, unique_hangs, max_depth, execs_per_sec
1507751685, 0, 0, 9, 9, 5, 5.55%, 0, 0, 1, 119.60
1507751690, 0, 1, 9, 9, 5, 5.55%, 0, 0, 1, 141.71
1507751695, 0, 1, 29, 29, 5, 5.61%, 0, 0, 2, 145.90
1507751700, 0, 1, 30, 30, 5, 5.61%, 0, 0, 2, 138.20
1507751721, 0, 1, 31, 31, 5, 5.61%, 0, 0, 2, 152.98
1507751726, 0, 1, 38, 38, 5, 5.61%, 0, 0, 2, 150.06
1507751731, 0, 1, 40, 40, 5, 5.62%, 0, 0, 2, 143.56
1507751741, 0, 1, 41, 41, 5, 5.62%, 0, 0, 2, 137.18
1507751746, 0, 1, 42, 42, 5, 5.62%, 0, 0, 2, 138.06
1507751756, 0, 1, 44, 44, 5, 5.62%, 0, 0, 2, 145.11
1507754789, 0, 1, 52, 52, 5, 5.65%, 0, 0, 2, 180.36
1507754809, 0, 1, 54, 54, 5, 5.65%, 0, 0, 2, 173.57
1507754814, 0, 1, 55, 55, 5, 5.65%, 0, 0, 2, 175.22
1507754825, 0, 1, 59, 59, 5, 5.65%, 0, 0, 2, 175.00
1507754840, 0, 1, 62, 62, 5, 5.65%, 0, 0, 2, 173.54
1507754845, 0, 1, 63, 63, 5, 5.65%, 0, 0, 2, 177.35
1507757716, 0, 1, 67, 67, 5, 5.66%, 0, 0, 2, 185.18
1507757742, 0, 1, 70, 70, 5, 5.66%, 0, 0, 2, 184.56
1507757747, 0, 1, 71, 71, 5, 5.66%, 0, 0, 2, 181.47
1507757757, 0, 1, 72, 72, 5, 5.67%, 0, 0, 2, 182.57
1507757802, 0, 1, 73, 73, 5, 5.67%, 0, 0, 2, 182.09
1507760625, 0, 1, 74, 74, 5, 5.67%, 0, 0, 2, 180.53
1507760993, 0, 1, 78, 78, 5, 5.71%, 0, 0, 2, 181.44
1507760998, 0, 1, 79, 79, 5, 5.71%, 0, 0, 2, 177.56
1507761003, 0, 1, 88, 88, 5, 5.71%, 0, 0, 2, 176.07
1507761009, 0, 1, 94, 94, 5, 5.79%, 0, 0, 2, 176.42
1507761014, 0, 1, 98, 98, 5, 5.80%, 0, 0, 2, 174.43
1507761034, 0, 1, 99, 99, 5, 5.80%, 0, 0, 2, 177.92
1507761473, 0, 1, 100, 100, 5, 5.81%, 0, 0, 2, 181.76
1507761591, 0, 1, 102, 102, 5, 5.81%, 0, 0, 2, 177.85
1507761898, 0, 1, 103, 103, 5, 5.81%, 0, 0, 2, 179.16
1507761914, 0, 1, 104, 104, 5, 5.81%, 0, 0, 2, 177.95
1507761919, 0, 1, 108, 108, 5, 5.81%, 0, 0, 2, 178.41
1507761929, 0, 1, 109, 109, 5, 5.81%, 0, 0, 2, 173.78
1507761991, 0, 1, 111, 111, 5, 5.81%, 0, 0, 2, 181.40
1507762047, 0, 1, 118, 118, 5, 5.82%, 0, 0, 2, 180.41
1507762088, 0, 1, 122, 122, 5, 5.83%, 0, 0, 2, 182.14
1507762098, 0, 1, 123, 123, 5, 5.83%, 0, 0, 2, 180.98
1507762277, 0, 1, 133, 133, 5, 5.84%, 0, 0, 2, 176.35
1507762282, 0, 1, 135, 135, 5, 5.85%, 0, 0, 2, 176.04
1507762287, 0, 1, 139, 139, 5, 5.86%, 0, 0, 2, 173.06
1507762298, 0, 1, 140, 140, 5, 5.86%, 0, 0, 2, 176.61
1507762354, 0, 1, 141, 141, 5, 5.86%, 0, 0, 2, 181.25
1507762400, 0, 1, 142, 142, 5, 5.86%, 0, 0, 2, 180.43
1507762410, 0, 1, 144, 144, 5, 5.86%, 0, 0, 2, 182.02
1507762425, 0, 1, 145, 145, 5, 5.86%, 0, 0, 2, 182.55
1507762618, 0, 1, 146, 146, 5, 5.87%, 0, 0, 2, 180.86
1507762628, 0, 1, 148, 148, 5, 5.87%, 0, 0, 2, 176.62
1507762634, 0, 1, 150, 150, 5, 5.87%, 0, 0, 2, 177.36
1507762639, 0, 1, 154, 154, 5, 5.87%, 0, 0, 2, 175.24
1507762644, 0, 1, 157, 157, 5, 5.87%, 0, 0, 2, 178.17
1507762649, 0, 1, 161, 161, 5, 5.87%, 0, 0, 2, 178.90
1507762654, 0, 1, 163, 163, 5, 5.87%, 0, 0, 2, 180.66
1507762659, 0, 1, 165, 165, 5, 5.87%, 0, 0, 2, 177.09
1507762664, 0, 1, 168, 168, 5, 5.87%, 0, 0, 2, 178.11
1507762680, 0, 1, 169, 169, 5, 5.87%, 0, 0, 2, 176.22
1507762685, 0, 1, 171, 171, 5, 5.87%, 0, 0, 2, 176.70
1507762700, 0, 1, 173, 173, 5, 5.87%, 0, 0, 2, 176.17
1507762721, 0, 1, 174, 174, 5, 5.87%, 0, 0, 2, 180.03
1507762726, 0, 1, 175, 175, 5, 5.87%, 0, 0, 2, 176.97
1507762731, 0, 1, 176, 176, 5, 5.87%, 0, 0, 2, 179.91
1507762752, 0, 1, 177, 177, 5, 5.87%, 0, 0, 2, 180.64
1507762757, 0, 1, 178, 178, 5, 5.87%, 0, 0, 2, 180.85
1507762777, 0, 1, 179, 179, 5, 5.87%, 0, 0, 2, 176.38
1507762798, 0, 1, 181, 181, 5, 5.89%, 0, 0, 2, 175.66
1507762813, 0, 1, 201, 200, 4, 5.90%, 0, 0, 2, 178.15
1507762819, 0, 1, 301, 300, 4, 6.08%, 0, 0, 2, 180.35
1507762824, 0, 1, 406, 405, 4, 6.23%, 0, 0, 2, 182.97
1507762829, 0, 1, 509, 508, 4, 6.36%, 0, 0, 2, 181.53
1507762834, 0, 1, 614, 613, 4, 6.55%, 0, 0, 2, 182.95
1507762839, 0, 1, 716, 715, 4, 7.34%, 0, 0, 2, 184.73
1507762844, 0, 1, 819, 818, 4, 7.57%, 0, 0, 2, 184.25
1507762849, 0, 1, 925, 924, 4, 7.68%, 0, 0, 2, 183.91
1507762854, 0, 1, 1031, 1030, 4, 8.25%, 0, 0, 2, 184.06
1507762860, 0, 1, 1131, 1130, 4, 8.42%, 0, 0, 2, 186.91
1507762865, 0, 1, 1233, 1232, 4, 8.76%, 0, 0, 2, 182.43
1507762870, 0, 1, 1340, 1339, 4, 9.27%, 0, 0, 2, 183.39
1507762875, 0, 1, 1445, 1444, 4, 9.38%, 0, 0, 2, 183.36
1507762880, 0, 1, 1541, 1540, 4, 9.77%, 0, 0, 2, 173.03
1507762885, 0, 1, 1643, 1642, 4, 9.87%, 0, 0, 2, 177.96
1507762890, 0, 1, 1731, 1730, 4, 10.02%, 0, 0, 2, 165.82
1507762896, 0, 1, 1807, 1806, 4, 10.23%, 0, 0, 2, 39.49
1507762901, 0, 1, 1835, 1834, 4, 10.27%, 0, 0, 2, 55.85
1507762906, 0, 1, 1924, 1923, 4, 10.36%, 0, 0, 2, 140.55
1507762911, 0, 1, 2018, 2017, 4, 10.46%, 0, 0, 2, 172.52
1507762916, 0, 1, 2117, 2116, 4, 10.52%, 0, 0, 2, 172.37
1507762921, 0, 1, 2190, 2189, 4, 10.56%, 0, 0, 2, 83.14
1507762926, 0, 1, 2240, 2239, 4, 10.62%, 0, 0, 2, 100.51
1507762931, 0, 1, 2333, 2332, 4, 10.77%, 0, 0, 2, 158.92
1507762936, 0, 1, 2425, 2424, 4, 10.80%, 0, 0, 2, 160.13
1507762941, 0, 1, 2520, 2519, 4, 10.90%, 0, 0, 2, 172.35
1507762947, 0, 1, 2626, 2625, 4, 11.02%, 0, 0, 2, 182.33
1507762952, 0, 1, 2724, 2723, 4, 11.18%, 0, 0, 2, 167.53
1507762957, 0, 1, 2815, 2814, 4, 11.32%, 0, 0, 2, 163.77
1507762962, 0, 1, 2895, 2894, 4, 11.35%, 0, 0, 2, 153.65
1507762967, 0, 1, 2978, 2977, 4, 11.36%, 0, 0, 2, 150.38
1507762972, 0, 1, 3078, 3077, 4, 11.38%, 0, 0, 2, 172.38
1507762977, 0, 1, 3176, 3175, 4, 11.40%, 0, 0, 2, 183.22
1507762983, 0, 1, 3268, 3267, 4, 11.40%, 0, 0, 2, 166.18
1507762988, 0, 1, 3366, 3365, 4, 11.43%, 0, 0, 2, 172.27
1507762993, 0, 1, 3393, 3392, 4, 11.43%, 0, 0, 2, 174.05
1507763075, 0, 8, 3393, 3392, 467, 11.43%, 0, 0, 2, 159.24
1507772770, 0, 21, 3393, 3391, 467, 11.43%, 0, 0, 2, 180.98
1507784037, 0, 59, 3393, 3390, 467, 11.43%, 0, 0, 2, 166.67
1507794893, 0, 92, 3393, 3389, 467, 11.43%, 0, 0, 2, 178.75
1507805724, 0, 129, 3393, 3388, 467, 11.43%, 0, 0, 2, 178.88
1507816671, 0, 129, 3435, 3429, 466, 11.45%, 0, 0, 2, 132.18
1507816676, 0, 129, 3519, 3513, 466, 11.48%, 0, 0, 2, 145.30
1507816681, 0, 129, 3601, 3595, 466, 11.65%, 0, 0, 2, 151.67
1507816686, 0, 129, 3701, 3695, 466, 11.76%, 0, 0, 2, 169.38
1507816691, 0, 129, 3794, 3788, 466, 11.79%, 0, 0, 2, 167.45
1507816696, 0, 129, 3887, 3881, 466, 11.88%, 0, 0, 2, 164.65
1507816702, 0, 129, 3987, 3981, 466, 12.14%, 0, 0, 2, 171.97
1507816707, 0, 129, 4065, 4059, 466, 12.19%, 0, 0, 2, 143.78
1507816712, 0, 129, 4089, 4083, 466, 12.21%, 0, 0, 2, 64.39
1507816717, 0, 129, 4152, 4146, 466, 12.32%, 0, 0, 2, 109.68
1507816722, 0, 129, 4205, 4199, 466, 12.35%, 0, 0, 2, 108.94
1507816727, 0, 129, 4283, 4277, 466, 12.50%, 0, 0, 2, 37.70
1507816732, 0, 129, 4355, 4349, 466, 12.83%, 0, 0, 2, 9.74
1507816738, 0, 129, 4422, 4416, 466, 12.86%, 0, 0, 2, 113.72
1507816743, 0, 129, 4478, 4472, 466, 12.91%, 0, 0, 2, 99.93
1507816748, 0, 129, 4526, 4520, 466, 12.92%, 0, 0, 2, 87.20
1507816753, 0, 129, 4574, 4568, 466, 12.93%, 0, 0, 2, 85.00
1507816758, 0, 129, 4620, 4614, 466, 12.93%, 0, 0, 2, 81.09
1507816763, 0, 129, 4665, 4659, 466, 12.93%, 0, 0, 2, 84.89
1507816768, 0, 129, 4742, 4736, 466, 12.95%, 0, 0, 2, 133.84
1507816773, 0, 129, 4791, 4785, 466, 12.95%, 0, 0, 2, 100.14
1507816778, 0, 129, 4838, 4832, 466, 12.95%, 0, 0, 2, 86.07
1507816784, 0, 129, 4898, 4892, 466, 12.95%, 0, 0, 2, 99.55
1507816789, 0, 129, 4951, 4945, 466, 12.96%, 0, 0, 2, 96.76
1507816794, 0, 129, 4985, 4979, 466, 13.07%, 0, 0, 2, 61.69
1507816799, 0, 129, 5038, 5032, 466, 13.09%, 0, 0, 2, 94.35
1507816804, 0, 129, 5091, 5085, 466, 13.09%, 0, 0, 2, 91.99
1507816809, 0, 129, 5157, 5151, 466, 13.25%, 0, 0, 2, 105.33
1507816814, 0, 129, 5243, 5237, 466, 13.36%, 0, 0, 2, 141.85
1507816820, 0, 129, 5329, 5323, 466, 13.39%, 0, 0, 2, 145.81
1507816825, 0, 129, 5400, 5394, 466, 13.39%, 0, 0, 2, 132.16
1507816830, 0, 129, 5492, 5486, 466, 13.41%, 0, 0, 2, 156.28
1507816835, 0, 129, 5577, 5571, 466, 13.44%, 0, 0, 2, 149.80
1507816840, 0, 129, 5653, 5647, 466, 13.46%, 0, 0, 2, 150.56
1507816845, 0, 129, 5718, 5712, 466, 13.47%, 0, 0, 2, 116.75
1507816850, 0, 129, 5757, 5751, 466, 13.47%, 0, 0, 2, 40.90
1507816855, 0, 129, 5786, 5780, 466, 13.47%, 0, 0, 2, 56.84
1507816860, 0, 129, 5824, 5818, 466, 13.48%, 0, 0, 2, 75.21
1507816866, 0, 129, 5894, 5888, 466, 13.49%, 0, 0, 2, 109.63
1507816871, 0, 129, 5974, 5968, 466, 13.53%, 0, 0, 2, 134.98
1507816876, 0, 129, 6056, 6050, 466, 13.57%, 0, 0, 2, 149.69
1507816881, 0, 129, 6150, 6144, 466, 13.58%, 0, 0, 2, 164.40
1507816886, 0, 129, 6161, 6155, 466, 13.58%, 0, 0, 2, 145.03
1507816978, 0, 305, 6161, 6155, 618, 13.58%, 0, 0, 2, 145.27
1507818101, 0, 341, 6161, 6154, 618, 13.58%, 0, 0, 2, 126.67
1507818805, 0, 390, 6161, 6153, 617, 13.58%, 0, 0, 2, 180.14
1507819983, 0, 407, 6161, 6152, 616, 13.58%, 0, 0, 2, 182.94
1507821074, 0, 444, 6161, 6151, 616, 13.58%, 0, 0, 2, 182.49
1507821777, 0, 477, 6185, 6174, 620, 13.60%, 0, 0, 2, 175.68
1507822393, 0, 483, 6185, 6173, 619, 13.60%, 0, 0, 2, 184.15
1507823209, 0, 506, 6185, 6172, 618, 13.60%, 0, 0, 2, 181.50
1507823964, 0, 511, 6185, 6171, 617, 13.60%, 0, 0, 2, 167.95
1507824657, 0, 514, 6185, 6170, 616, 13.60%, 0, 0, 2, 180.04
1507827488, 0, 514, 6203, 6187, 615, 13.61%, 0, 0, 2, 164.89
1507827493, 0, 549, 6213, 6197, 614, 13.61%, 0, 0, 2, 170.03
1507828909, 0, 564, 6213, 6196, 613, 13.61%, 0, 0, 2, 186.69
1507830678, 0, 567, 6213, 6195, 612, 13.61%, 0, 0, 2, 188.05
1507831172, 0, 572, 6213, 6194, 611, 13.61%, 0, 0, 2, 185.38
1507831707, 0, 594, 6213, 6193, 610, 13.61%, 0, 0, 2, 169.63
1507832230, 0, 595, 6218, 6197, 609, 13.61%, 0, 0, 2, 188.15
1507832537, 0, 601, 6218, 6196, 608, 13.61%, 0, 0, 2, 183.43
1507833812, 0, 602, 6218, 6195, 607, 13.61%, 0, 0, 2, 173.88
1507835969, 0, 614, 6218, 6194, 606, 13.61%, 0, 0, 2, 188.69
1507836152, 0, 619, 6218, 6193, 605, 13.61%, 0, 0, 2, 165.63
1507836341, 0, 621, 6228, 6202, 605, 13.61%, 0, 0, 2, 127.41
1507836556, 0, 626, 6228, 6201, 604, 13.61%, 0, 0, 2, 190.40
1507836827, 0, 636, 6228, 6200, 603, 13.61%, 0, 0, 2, 158.94
1507837385, 0, 641, 6228, 6199, 602, 13.61%, 0, 0, 2, 187.57
1507838120, 0, 645, 6228, 6198, 601, 13.61%, 0, 0, 2, 191.99
1507838140, 0, 649, 6231, 6200, 600, 13.61%, 0, 0, 2, 183.19
1507838145, 0, 651, 6231, 6199, 599, 13.61%, 0, 0, 2, 165.25
1507838161, 0, 653, 6231, 6198, 598, 13.61%, 0, 0, 2, 191.12
1507838186, 0, 676, 6231, 6197, 597, 13.61%, 0, 0, 2, 192.00
1507838197, 0, 679, 6231, 6196, 596, 13.61%, 0, 0, 2, 190.14
1507838202, 0, 681, 6231, 6195, 595, 13.61%, 0, 0, 2, 192.40
1507838207, 0, 682, 6231, 6194, 594, 13.61%, 0, 0, 2, 191.43
1507838212, 0, 689, 6231, 6193, 593, 13.61%, 0, 0, 2, 190.91
1507838248, 0, 691, 6231, 6192, 592, 13.61%, 0, 0, 2, 189.19
1507839511, 0, 694, 6231, 6191, 591, 13.61%, 0, 0, 2, 178.82
1507840818, 0, 697, 6242, 6201, 592, 13.62%, 0, 0, 2, 161.96
1507841905, 0, 708, 6242, 6200, 591, 13.62%, 0, 0, 2, 189.51
1507841915, 0, 714, 6242, 6199, 590, 13.62%, 0, 0, 2, 191.39
1507842696, 0, 769, 6242, 6198, 589, 13.62%, 0, 0, 2, 185.28
1507844231, 0, 771, 6242, 6197, 588, 13.62%, 0, 0, 2, 176.71
1507844236, 0, 780, 6248, 6202, 588, 13.62%, 0, 0, 2, 154.89
1507844247, 0, 783, 6248, 6201, 587, 13.62%, 0, 0, 2, 185.20
1507844262, 0, 786, 6248, 6200, 586, 13.62%, 0, 0, 2, 186.12
1507844881, 0, 827, 6248, 6199, 585, 13.62%, 0, 0, 2, 183.46
1507845539, 0, 830, 6248, 6198, 584, 13.62%, 0, 0, 2, 186.73
1507846334, 0, 841, 6269, 6218, 583, 13.62%, 0, 0, 2, 162.10
1507846943, 0, 844, 6269, 6217, 582, 13.62%, 0, 0, 2, 191.44
1507846969, 0, 848, 6269, 6216, 581, 13.62%, 0, 0, 2, 185.63
1507847020, 0, 857, 6269, 6215, 580, 13.62%, 0, 0, 2, 184.93
1507847174, 0, 862, 6269, 6214, 579, 13.62%, 0, 0, 2, 184.36
1507849487, 0, 862, 6283, 6227, 578, 13.71%, 0, 0, 2, 177.80
1507849492, 0, 862, 6355, 6299, 578, 13.83%, 0, 0, 2, 176.28
1507849497, 0, 871, 6358, 6302, 608, 13.83%, 0, 0, 2, 179.15
1507851443, 0, 874, 6358, 6301, 607, 13.83%, 0, 0, 2, 182.99
1507852677, 0, 875, 6358, 6300, 606, 13.83%, 0, 0, 2, 178.84
1507853404, 0, 876, 6358, 6299, 605, 13.83%, 0, 0, 2, 186.77
1507853440, 0, 884, 6358, 6298, 604, 13.83%, 0, 0, 2, 184.05
1507854079, 0, 884, 6372, 6311, 603, 13.89%, 0, 0, 2, 125.66
1507854084, 0, 884, 6441, 6380, 603, 14.04%, 0, 0, 2, 121.87
1507854090, 0, 884, 6508, 6447, 603, 14.14%, 0, 0, 2, 119.08
1507854095, 0, 884, 6548, 6487, 603, 14.17%, 0, 0, 2, 118.21
1507854105, 0, 887, 6548, 6487, 640, 14.17%, 0, 0, 2, 128.54
1507854125, 0, 889, 6548, 6486, 639, 14.17%, 0, 0, 2, 159.15
1507854744, 0, 890, 6548, 6485, 638, 14.17%, 0, 0, 2, 185.50
1507856437, 0, 897, 6548, 6484, 637, 14.17%, 0, 0, 2, 178.08
1507857242, 0, 900, 6548, 6483, 636, 14.17%, 0, 0, 2, 187.19
1507858155, 0, 900, 6566, 6500, 635, 14.18%, 0, 0, 2, 179.87
1507858160, 0, 902, 6571, 6505, 635, 14.18%, 0, 0, 2, 183.25
1507858345, 0, 903, 6571, 6504, 634, 14.18%, 0, 0, 2, 186.27
1507858551, 0, 905, 6571, 6503, 633, 14.18%, 0, 0, 2, 188.94
1507858777, 0, 908, 6571, 6502, 632, 14.18%, 0, 0, 2, 186.70
1507858792, 0, 911, 6571, 6501, 631, 14.18%, 0, 0, 2, 188.18
1507859326, 0, 918, 6571, 6500, 630, 14.18%, 0, 0, 2, 168.03
1507866842, 0, 925, 6571, 6499, 629, 14.18%, 0, 0, 2, 178.17
1507867385, 0, 927, 6571, 6498, 628, 14.18%, 0, 0, 2, 147.46
1507867390, 0, 932, 6571, 6497, 627, 14.18%, 0, 0, 2, 181.77
1507867564, 0, 943, 6571, 6496, 626, 14.18%, 0, 0, 2, 192.53
1507867575, 0, 949, 6597, 6521, 627, 14.19%, 0, 0, 2, 183.77
1507867585, 0, 950, 6597, 6520, 626, 14.19%, 0, 0, 2, 167.71
1507867595, 0, 951, 6597, 6519, 625, 14.19%, 0, 0, 2, 186.77
1507867621, 0, 952, 6597, 6518, 624, 14.19%, 0, 0, 2, 189.15
1507867631, 0, 953, 6597, 6517, 623, 14.19%, 0, 0, 2, 181.21
1507867642, 0, 954, 6598, 6517, 622, 14.19%, 0, 0, 2, 181.75
1507867652, 0, 955, 6598, 6516, 621, 14.19%, 0, 0, 2, 180.81
1507867662, 0, 956, 6598, 6515, 620, 14.19%, 0, 0, 2, 187.41
1507867672, 0, 957, 6598, 6514, 619, 14.19%, 0, 0, 2, 134.26
1507867683, 0, 958, 6598, 6513, 618, 14.19%, 0, 0, 2, 147.48
1507867693, 0, 969, 6598, 6512, 617, 14.19%, 0, 0, 2, 134.20
1507869009, 0, 970, 6598, 6511, 616, 14.19%, 0, 0, 2, 145.94
1507869020, 0, 972, 6598, 6510, 615, 14.19%, 0, 0, 2, 165.81
1507869030, 0, 978, 6598, 6509, 614, 14.19%, 0, 0, 2, 182.70
1507869595, 0, 982, 6598, 6508, 613, 14.19%, 0, 0, 2, 181.70
1507870559, 0, 983, 6605, 6514, 617, 14.23%, 0, 0, 2, 174.27
1507870610, 0, 984, 6605, 6513, 616, 14.23%, 0, 0, 2, 161.35
1507870625, 0, 987, 6605, 6512, 615, 14.23%, 0, 0, 2, 161.56
1507870630, 0, 988, 6605, 6511, 614, 14.23%, 0, 0, 2, 147.03
1507870676, 0, 992, 6605, 6510, 613, 14.23%, 0, 0, 2, 149.62
1507871392, 0, 995, 6606, 6510, 612, 14.23%, 0, 0, 2, 159.67
1507872088, 0, 999, 6606, 6509, 611, 14.23%, 0, 0, 2, 188.87
1507872093, 0, 1018, 6606, 6508, 610, 14.23%, 0, 0, 2, 187.31
1507872757, 0, 1037, 6606, 6507, 609, 14.23%, 0, 0, 2, 165.71
1507873422, 0, 1053, 6606, 6506, 608, 14.23%, 0, 0, 2, 184.43
1507873458, 0, 1059, 6614, 6513, 608, 14.23%, 0, 0, 2, 153.13
1507873463, 0, 1060, 6614, 6512, 607, 14.23%, 0, 0, 2, 180.61
1507874083, 0, 1066, 6614, 6511, 606, 14.23%, 0, 0, 2, 181.88
1507874119, 0, 1069, 6614, 6510, 605, 14.23%, 0, 0, 2, 180.12
1507874160, 0, 1075, 6614, 6509, 604, 14.23%, 0, 0, 2, 173.57
1507874180, 0, 1075, 6635, 6529, 603, 14.24%, 0, 0, 2, 77.63
1507874186, 0, 1076, 6635, 6529, 604, 14.24%, 0, 0, 2, 112.14
1507874206, 0, 1077, 6635, 6528, 603, 14.24%, 0, 0, 2, 185.95
1507874309, 0, 1079, 6635, 6527, 602, 14.24%, 0, 0, 2, 191.11
1507874325, 0, 1080, 6635, 6526, 601, 14.24%, 0, 0, 2, 147.96
1507874335, 0, 1085, 6635, 6525, 600, 14.24%, 0, 0, 2, 176.43
1507874345, 0, 1087, 6635, 6524, 599, 14.24%, 0, 0, 2, 185.11
1507874355, 0, 1097, 6635, 6523, 598, 14.24%, 0, 0, 2, 188.97
1507874376, 0, 1102, 6635, 6522, 597, 14.24%, 0, 0, 2, 128.39
1507875753, 0, 1110, 6635, 6521, 596, 14.24%, 0, 0, 2, 169.08
1507875784, 0, 1112, 6635, 6520, 595, 14.24%, 0, 0, 2, 192.61
1507875845, 0, 1114, 6638, 6522, 594, 14.24%, 0, 0, 2, 184.04
1507877012, 0, 1117, 6638, 6521, 593, 14.24%, 0, 0, 2, 157.04
1507877028, 0, 1118, 6638, 6520, 592, 14.24%, 0, 0, 2, 189.72
1507877074, 0, 1120, 6638, 6519, 591, 14.24%, 0, 0, 2, 186.06
1507877805, 0, 1138, 6638, 6518, 590, 14.24%, 0, 0, 2, 187.74
1507878541, 0, 1161, 6639, 6518, 589, 14.24%, 0, 0, 2, 181.97
1507879331, 0, 1164, 6639, 6517, 588, 14.24%, 0, 0, 2, 174.58
1507879352, 0, 1165, 6639, 6516, 587, 14.24%, 0, 0, 2, 193.10
1507879372, 0, 1182, 6639, 6515, 586, 14.24%, 0, 0, 2, 187.94
1507880120, 0, 1184, 6639, 6514, 585, 14.24%, 0, 0, 2, 127.92
1507880243, 0, 1185, 6650, 6524, 586, 14.25%, 0, 0, 2, 146.58
1507880274, 0, 1187, 6650, 6523, 585, 14.25%, 0, 0, 2, 187.49
1507880309, 0, 1188, 6650, 6522, 584, 14.25%, 0, 0, 2, 189.88
1507880325, 0, 1190, 6650, 6521, 583, 14.25%, 0, 0, 2, 182.16
1507880956, 0, 1192, 6650, 6520, 582, 14.25%, 0, 0, 2, 157.45
1507881747, 0, 1192, 6667, 6536, 581, 14.29%, 0, 0, 2, 170.99
1507881752, 0, 1199, 6680, 6549, 587, 14.30%, 0, 0, 2, 184.15
1507882372, 0, 1200, 6680, 6548, 586, 14.30%, 0, 0, 2, 138.60
1507882515, 0, 1201, 6680, 6547, 585, 14.30%, 0, 0, 2, 178.79
1507882643, 0, 1213, 6680, 6546, 585, 14.30%, 0, 0, 2, 189.38
1507882710, 0, 1241, 6680, 6545, 585, 14.30%, 0, 0, 2, 128.97
1507883140, 0, 1241, 6687, 6551, 584, 14.30%, 0, 0, 2, 152.88
1507883145, 0, 1245, 6687, 6551, 585, 14.30%, 0, 0, 2, 175.68
1507884309, 0, 1246, 6687, 6550, 584, 14.30%, 0, 0, 2, 181.96
1507884391, 0, 1247, 6687, 6549, 583, 14.30%, 0, 0, 2, 168.82
1507884402, 0, 1249, 6687, 6548, 582, 14.30%, 0, 0, 2, 166.66
1507885011, 0, 1254, 6687, 6547, 581, 14.30%, 0, 0, 2, 185.41
1507885042, 0, 1259, 6690, 6549, 581, 14.30%, 0, 0, 2, 145.87
1507885154, 0, 1261, 6690, 6548, 580, 14.30%, 0, 0, 2, 181.45
1507885231, 0, 1275, 6690, 6547, 579, 14.30%, 0, 0, 2, 156.10
1507885830, 0, 1276, 6690, 6546, 578, 14.30%, 0, 0, 2, 152.91
1507885933, 0, 1279, 6690, 6545, 577, 14.30%, 0, 0, 2, 181.76
1507886659, 0, 1280, 6693, 6547, 576, 14.30%, 0, 0, 2, 138.36
1507887284, 0, 1296, 6693, 6546, 575, 14.30%, 0, 0, 2, 172.36
1507887477, 0, 1311, 6693, 6545, 575, 14.30%, 0, 0, 2, 189.34
1507887488, 0, 1316, 6693, 6544, 574, 14.30%, 0, 0, 2, 188.42
1507887493, 0, 1335, 6693, 6543, 573, 14.30%, 0, 0, 2, 188.53
1507887508, 0, 1337, 6693, 6542, 572, 14.30%, 0, 0, 2, 183.42
1507887539, 0, 1338, 6693, 6541, 571, 14.30%, 0, 0, 2, 185.87
1507888029, 0, 1344, 6693, 6540, 570, 14.30%, 0, 0, 2, 186.87
1507888578, 0, 1359, 6693, 6539, 569, 14.30%, 0, 0, 2, 146.82
1507888686, 0, 1363, 6693, 6538, 568, 14.30%, 0, 0, 2, 181.99
1507888722, 0, 1364, 6693, 6537, 567, 14.30%, 0, 0, 2, 177.09
1507888773, 0, 1374, 6693, 6536, 566, 14.30%, 0, 0, 2, 178.86
1507888794, 0, 1377, 6693, 6535, 565, 14.30%, 0, 0, 2, 187.66
1507888799, 0, 1388, 6693, 6534, 564, 14.30%, 0, 0, 2, 186.87
1507888907, 0, 1392, 6693, 6533, 564, 14.30%, 0, 0, 2, 176.70
1507888964, 0, 1397, 6693, 6532, 563, 14.30%, 0, 0, 2, 186.13
1507888984, 0, 1405, 6693, 6531, 562, 14.30%, 0, 0, 2, 125.07
1507890684, 0, 1410, 6693, 6530, 561, 14.30%, 0, 0, 2, 180.57
1507897487, 0, 1419, 6693, 6529, 561, 14.30%, 0, 0, 2, 187.62
1507897493, 0, 1422, 6693, 6528, 560, 14.30%, 0, 0, 2, 147.78
1507897523, 0, 1422, 6721, 6555, 560, 14.32%, 0, 0, 2, 142.55
1507897528, 0, 1423, 6730, 6564, 561, 14.32%, 0, 0, 2, 125.60
1507897636, 0, 1428, 6730, 6563, 560, 14.32%, 0, 0, 2, 158.19
1507898150, 0, 1431, 6730, 6562, 559, 14.32%, 0, 0, 2, 182.49
1507898238, 0, 1437, 6730, 6561, 558, 14.32%, 0, 0, 2, 186.86
1507898284, 0, 1442, 6730, 6560, 557, 14.32%, 0, 0, 2, 182.12
1507898325, 0, 1446, 6731, 6560, 556, 14.32%, 0, 0, 2, 165.59
1507899008, 0, 1447, 6731, 6559, 555, 14.32%, 0, 0, 2, 167.14
1507899764, 0, 1455, 6731, 6558, 554, 14.32%, 0, 0, 2, 185.90
1507899780, 0, 1458, 6731, 6557, 553, 14.32%, 0, 0, 2, 187.52
1507899785, 0, 1459, 6731, 6556, 552, 14.32%, 0, 0, 2, 188.92
1507899795, 0, 1460, 6731, 6555, 551, 14.32%, 0, 0, 2, 190.33
1507899816, 0, 1461, 6731, 6554, 550, 14.32%, 0, 0, 2, 187.14
1507900974, 0, 1487, 6731, 6553, 549, 14.32%, 0, 0, 2, 183.85
1507900989, 0, 1497, 6731, 6552, 548, 14.32%, 0, 0, 2, 159.57
1507901005, 0, 1500, 6731, 6551, 547, 14.32%, 0, 0, 2, 176.32
1507901010, 0, 1514, 6734, 6553, 546, 14.32%, 0, 0, 2, 179.68
1507901128, 0, 1517, 6734, 6552, 545, 14.32%, 0, 0, 2, 174.38
1507902594, 0, 1519, 6734, 6551, 544, 14.32%, 0, 0, 2, 187.61
1507903323, 0, 1520, 6734, 6550, 543, 14.32%, 0, 0, 2, 188.01
1507904303, 0, 1525, 6734, 6549, 542, 14.32%, 0, 0, 2, 182.47
1507904391, 0, 1530, 6735, 6549, 541, 14.32%, 0, 0, 2, 184.36
1507904411, 0, 1555, 6735, 6548, 540, 14.32%, 0, 0, 2, 190.05
1507904478, 0, 1567, 6735, 6547, 539, 14.32%, 0, 0, 2, 194.36
1507904544, 0, 1568, 6735, 6546, 538, 14.32%, 0, 0, 2, 165.92
1507904601, 0, 1577, 6735, 6545, 537, 14.32%, 0, 0, 2, 176.42
1507905474, 0, 1579, 6736, 6545, 536, 14.32%, 0, 0, 2, 180.79
1507906178, 0, 1580, 6736, 6544, 535, 14.32%, 0, 0, 2, 185.74
1507906823, 0, 1581, 6736, 6543, 534, 14.32%, 0, 0, 2, 185.18
1507907560, 0, 1582, 6736, 6542, 533, 14.32%, 0, 0, 2, 170.13
1507908320, 0, 1583, 6736, 6541, 532, 14.32%, 0, 0, 2, 152.96
1507909011, 0, 1583, 6738, 6542, 531, 14.32%, 0, 0, 2, 170.38
1507909016, 0, 1584, 6748, 6552, 538, 14.34%, 0, 0, 2, 181.01
1507909825, 0, 1585, 6748, 6551, 537, 14.34%, 0, 0, 2, 180.23
1507910414, 0, 1589, 6748, 6550, 536, 14.34%, 0, 0, 2, 165.38
1507910511, 0, 1590, 6748, 6549, 535, 14.34%, 0, 0, 2, 172.03
1507910588, 0, 1606, 6748, 6548, 534, 14.34%, 0, 0, 2, 163.04
1507910994, 0, 1614, 6748, 6547, 533, 14.34%, 0, 0, 2, 183.93
1507911447, 0, 1616, 6748, 6546, 533, 14.34%, 0, 0, 2, 185.90
1507911837, 0, 1629, 6748, 6545, 532, 14.34%, 0, 0, 2, 184.03
1507912254, 0, 1635, 6748, 6544, 531, 14.34%, 0, 0, 2, 181.71
1507912717, 0, 1636, 6748, 6543, 530, 14.34%, 0, 0, 2, 165.57
1507913143, 0, 1639, 6749, 6543, 529, 14.34%, 0, 0, 2, 184.61
1507913179, 0, 1657, 6749, 6542, 528, 14.34%, 0, 0, 2, 180.21
1507913205, 0, 1668, 6749, 6541, 527, 14.34%, 0, 0, 2, 171.91
1507913272, 0, 1669, 6749, 6540, 526, 14.34%, 0, 0, 2, 163.70
1507913369, 0, 1672, 6749, 6539, 525, 14.34%, 0, 0, 2, 189.44
1507913446, 0, 1673, 6749, 6538, 524, 14.34%, 0, 0, 2, 187.17
1507913467, 0, 1676, 6749, 6537, 523, 14.34%, 0, 0, 2, 189.13
1507914190, 0, 1688, 6749, 6536, 522, 14.34%, 0, 0, 2, 185.36
1507914221, 0, 1690, 6749, 6535, 521, 14.34%, 0, 0, 2, 188.63
1507914246, 0, 1698, 6749, 6534, 520, 14.34%, 0, 0, 2, 184.17
1507914379, 0, 1700, 6750, 6534, 520, 14.34%, 0, 0, 2, 156.95
1507915078, 0, 1705, 6750, 6533, 519, 14.34%, 0, 0, 2, 163.07
1507916203, 0, 1712, 6750, 6532, 518, 14.34%, 0, 0, 2, 188.91
1507916208, 0, 1714, 6750, 6531, 517, 14.34%, 0, 0, 2, 184.78
1507916290, 0, 1716, 6750, 6530, 516, 14.34%, 0, 0, 2, 189.60
1507916571, 0, 1717, 6750, 6529, 515, 14.34%, 0, 0, 2, 173.15
1507917466, 0, 1721, 6750, 6528, 514, 14.34%, 0, 0, 2, 184.40
1507917491, 0, 1732, 6750, 6527, 513, 14.34%, 0, 0, 2, 185.73
1507918184, 0, 1745, 6750, 6526, 512, 14.34%, 0, 0, 2, 180.61
1507918538, 0, 1746, 6750, 6525, 511, 14.34%, 0, 0, 2, 168.18
1507918579, 0, 1750, 6750, 6524, 510, 14.34%, 0, 0, 2, 152.92
1507918630, 0, 1751, 6750, 6523, 510, 14.34%, 0, 0, 2, 180.71
1507918661, 0, 1764, 6750, 6522, 509, 14.34%, 0, 0, 2, 183.15
1507919077, 0, 1766, 6750, 6521, 508, 14.34%, 0, 0, 2, 169.86
1507919581, 0, 1775, 6750, 6520, 507, 14.34%, 0, 0, 2, 186.05
1507919607, 0, 1786, 6751, 6520, 506, 14.34%, 0, 0, 2, 193.62
1507919637, 0, 1787, 6751, 6519, 505, 14.34%, 0, 0, 2, 175.80
1507919653, 0, 1788, 6751, 6518, 504, 14.34%, 0, 0, 2, 186.31
1507919735, 0, 1790, 6751, 6517, 503, 14.34%, 0, 0, 2, 181.81
1507919770, 0, 1793, 6751, 6516, 502, 14.34%, 0, 0, 2, 178.67
1507919780, 0, 1794, 6751, 6515, 501, 14.34%, 0, 0, 2, 186.24
1507920466, 0, 1796, 6751, 6514, 500, 14.34%, 0, 0, 2, 34.29
1507920507, 0, 1807, 6751, 6513, 499, 14.34%, 0, 0, 2, 172.81
1507920528, 0, 1815, 6751, 6512, 498, 14.34%, 0, 0, 2, 24.61
1507920670, 0, 1826, 6751, 6511, 497, 14.34%, 0, 0, 2, 104.33
1507921831, 0, 1827, 6752, 6511, 496, 14.34%, 0, 0, 2, 120.81
1507921856, 0, 1828, 6752, 6510, 495, 14.34%, 0, 0, 2, 179.76
1507921867, 0, 1834, 6752, 6509, 494, 14.34%, 0, 0, 2, 185.71
1507922562, 0, 1835, 6752, 6508, 493, 14.34%, 0, 0, 2, 179.85
1507923246, 0, 1836, 6752, 6507, 492, 14.34%, 0, 0, 2, 140.59
1507923287, 0, 1850, 6752, 6506, 491, 14.34%, 0, 0, 2, 182.18
1507923343, 0, 1859, 6752, 6505, 490, 14.34%, 0, 0, 2, 116.41
1507923497, 0, 1874, 6752, 6504, 489, 14.34%, 0, 0, 2, 182.83
1507923630, 0, 1876, 6752, 6503, 488, 14.34%, 0, 0, 2, 175.56
1507923752, 0, 1883, 6752, 6502, 487, 14.34%, 0, 0, 2, 177.15
1507923875, 0, 1884, 6753, 6502, 487, 14.34%, 0, 0, 2, 179.85
1507924033, 0, 1885, 6753, 6501, 486, 14.34%, 0, 0, 2, 177.12
1507924176, 0, 1886, 6753, 6500, 485, 14.34%, 0, 0, 2, 183.56
1507924318, 0, 1892, 6753, 6499, 484, 14.34%, 0, 0, 2, 183.46
1507924476, 0, 1905, 6753, 6498, 483, 14.34%, 0, 0, 2, 188.46
1507924487, 0, 1906, 6755, 6499, 480, 14.34%, 0, 0, 2, 135.14
1507924502, 0, 1910, 6755, 6498, 479, 14.34%, 0, 0, 2, 189.76
1507924619, 0, 1914, 6755, 6497, 478, 14.34%, 0, 0, 2, 184.14
1507924635, 0, 1930, 6755, 6496, 477, 14.34%, 0, 0, 2, 184.87
1507925626, 0, 1936, 6755, 6495, 476, 14.34%, 0, 0, 2, 161.47
1507926852, 0, 1938, 6771, 6510, 478, 14.34%, 0, 0, 2, 119.55
1507926898, 0, 1942, 6771, 6509, 477, 14.34%, 0, 0, 2, 182.33
1507927509, 0, 1948, 6771, 6508, 476, 14.34%, 0, 0, 2, 189.63
1507927519, 0, 1949, 6771, 6507, 475, 14.34%, 0, 0, 2, 186.78
1507927529, 0, 1951, 6771, 6506, 474, 14.34%, 0, 0, 2, 151.11
1507927565, 0, 1956, 6773, 6507, 472, 14.34%, 0, 0, 2, 156.86
1507927621, 0, 1988, 6773, 6506, 471, 14.34%, 0, 0, 2, 164.02
1507928501, 0, 2027, 6773, 6505, 470, 14.34%, 0, 0, 2, 152.16
1507929025, 0, 2028, 6773, 6504, 469, 14.34%, 0, 0, 2, 171.55
1507929204, 0, 2035, 6773, 6503, 468, 14.34%, 0, 0, 2, 165.06
1507930091, 0, 2036, 6786, 6515, 470, 14.35%, 0, 0, 2, 151.68
1507930132, 0, 2041, 6786, 6514, 469, 14.35%, 0, 0, 2, 182.99
1507930419, 0, 2044, 6786, 6513, 468, 14.35%, 0, 0, 2, 189.47
1507930839, 0, 2071, 6786, 6512, 467, 14.35%, 0, 0, 2, 185.31
1507931303, 0, 2074, 6786, 6511, 466, 14.35%, 0, 0, 2, 183.89
1507931334, 0, 2075, 6786, 6510, 465, 14.35%, 0, 0, 2, 187.66
1507931390, 0, 2077, 6786, 6509, 464, 14.35%, 0, 0, 2, 148.84
1507932011, 0, 2079, 6786, 6508, 463, 14.35%, 0, 0, 2, 126.75
1507932026, 0, 2093, 6786, 6507, 462, 14.35%, 0, 0, 2, 187.79
1507932042, 0, 2099, 6786, 6506, 461, 14.35%, 0, 0, 2, 186.90
1507932173, 0, 2105, 6786, 6505, 460, 14.35%, 0, 0, 2, 185.12
1507932193, 0, 2111, 6786, 6504, 459, 14.35%, 0, 0, 2, 185.18
1507932604, 0, 2119, 6786, 6503, 458, 14.35%, 0, 0, 2, 178.57
1507932619, 0, 2120, 6786, 6502, 457, 14.35%, 0, 0, 2, 168.20
1507932640, 0, 2122, 6786, 6501, 456, 14.35%, 0, 0, 2, 151.08
1507933224, 0, 2125, 6786, 6500, 455, 14.35%, 0, 0, 2, 183.88
1507933301, 0, 2128, 6786, 6499, 454, 14.35%, 0, 0, 2, 189.63
1507933357, 0, 2129, 6786, 6498, 453, 14.35%, 0, 0, 2, 153.72
1507933398, 0, 2130, 6786, 6497, 452, 14.35%, 0, 0, 2, 159.82
1507933429, 0, 2131, 6786, 6496, 451, 14.35%, 0, 0, 2, 187.02
1507933444, 0, 2132, 6786, 6495, 450, 14.35%, 0, 0, 2, 173.98
1507933454, 0, 2137, 6786, 6494, 449, 14.35%, 0, 0, 2, 175.66
1507933460, 0, 2143, 6786, 6493, 448, 14.35%, 0, 0, 2, 184.75
1507933480, 0, 2148, 6786, 6492, 447, 14.35%, 0, 0, 2, 130.06
1507933541, 0, 2156, 6786, 6491, 446, 14.35%, 0, 0, 2, 154.85
1507933577, 0, 2160, 6786, 6490, 445, 14.35%, 0, 0, 2, 147.78
1507933618, 0, 2162, 6786, 6489, 444, 14.35%, 0, 0, 2, 164.43
1507933643, 0, 2199, 6786, 6488, 443, 14.35%, 0, 0, 2, 179.69
1507934319, 0, 2207, 6786, 6487, 442, 14.35%, 0, 0, 2, 152.44
1507935107, 0, 2214, 6786, 6486, 441, 14.35%, 0, 0, 2, 160.18
1507935128, 0, 2215, 6787, 6486, 441, 14.35%, 0, 0, 2, 163.72
1507935174, 0, 2223, 6787, 6485, 440, 14.35%, 0, 0, 2, 174.89
1507935190, 0, 2224, 6787, 6484, 439, 14.35%, 0, 0, 2, 181.22
1507935383, 0, 2230, 6787, 6483, 438, 14.35%, 0, 0, 2, 175.80
1507936572, 0, 2258, 6787, 6482, 437, 14.35%, 0, 0, 2, 166.59
1507936582, 0, 2259, 6794, 6488, 438, 14.35%, 0, 0, 2, 165.47
1507937385, 0, 2263, 6794, 6487, 437, 14.35%, 0, 0, 2, 148.28
1507938087, 0, 2269, 6794, 6486, 436, 14.35%, 0, 0, 2, 153.61
1507939103, 0, 2276, 6794, 6485, 435, 14.35%, 0, 0, 2, 158.27
1507941770, 0, 2277, 6794, 6484, 434, 14.35%, 0, 0, 2, 173.80
1507941862, 0, 2277, 6822, 6511, 433, 14.38%, 0, 0, 2, 29.37
1507941868, 0, 2285, 6823, 6512, 434, 14.38%, 0, 0, 2, 135.08
1507942380, 0, 2286, 6823, 6511, 433, 14.38%, 0, 0, 2, 180.86
1507942415, 0, 2297, 6823, 6510, 432, 14.38%, 0, 0, 2, 177.11
1507942430, 0, 2298, 6823, 6509, 431, 14.38%, 0, 0, 2, 160.61
1507943254, 0, 2299, 6823, 6508, 430, 14.38%, 0, 0, 2, 174.07
1507943838, 0, 2299, 6826, 6510, 429, 14.38%, 0, 0, 2, 161.05
1507943843, 0, 2301, 6831, 6515, 429, 14.38%, 0, 0, 2, 177.53
1507943889, 0, 2308, 6831, 6514, 428, 14.38%, 0, 0, 2, 181.48
1507945595, 0, 2316, 6831, 6513, 427, 14.38%, 0, 0, 2, 185.98
1507945688, 0, 2318, 6831, 6512, 427, 14.38%, 0, 0, 2, 157.79
1507947003, 0, 2326, 6831, 6511, 426, 14.38%, 0, 0, 2, 181.71
1507947794, 0, 2326, 6838, 6517, 425, 14.41%, 0, 0, 2, 177.82
1507947799, 0, 2334, 6838, 6517, 430, 14.41%, 0, 0, 2, 173.57
1507947988, 0, 2336, 6838, 6516, 429, 14.41%, 0, 0, 2, 178.18
1507948323, 0, 2351, 6838, 6515, 428, 14.41%, 0, 0, 2, 172.22
1507948501, 0, 2358, 6838, 6514, 427, 14.41%, 0, 0, 2, 163.44
1507948827, 0, 2389, 6838, 6513, 426, 14.41%, 0, 0, 2, 174.62
1507948832, 0, 2389, 6838, 6513, 426, 14.41%, 0, 1, 2, 17.97
1507949897, 0, 2390, 6841, 6515, 426, 14.42%, 0, 1, 2, 170.46
1507950606, 0, 2392, 6841, 6514, 425, 14.42%, 0, 1, 2, 167.60
1507951442, 0, 2394, 6841, 6513, 424, 14.42%, 0, 1, 2, 174.60
1507952251, 0, 2435, 6841, 6512, 423, 14.42%, 0, 1, 2, 173.89
1507953119, 0, 2455, 6841, 6511, 422, 14.42%, 0, 1, 2, 136.96
1507954139, 0, 2458, 6849, 6518, 424, 14.43%, 0, 1, 2, 118.33
1507954749, 0, 2459, 6849, 6517, 423, 14.43%, 0, 1, 2, 183.99
1507955236, 0, 2460, 6849, 6516, 422, 14.43%, 0, 1, 2, 136.43
1507956060, 0, 2468, 6849, 6515, 421, 14.43%, 0, 1, 2, 180.98
1507956255, 0, 2484, 6849, 6514, 420, 14.43%, 0, 1, 2, 183.30
1507956864, 0, 2498, 6854, 6518, 421, 14.43%, 0, 1, 2, 158.80
1507957626, 0, 2508, 6854, 6517, 420, 14.43%, 0, 1, 2, 167.28
1507958148, 0, 2512, 6854, 6516, 419, 14.43%, 0, 1, 2, 149.73
1507959137, 0, 2549, 6854, 6515, 418, 14.43%, 0, 1, 2, 165.31
1507959808, 0, 2551, 6854, 6514, 417, 14.43%, 0, 1, 2, 141.69
1507959834, 0, 2561, 6855, 6514, 416, 14.43%, 0, 1, 2, 180.70
1507960634, 0, 2566, 6855, 6513, 415, 14.43%, 0, 1, 2, 150.94
1507961137, 0, 2570, 6855, 6512, 414, 14.43%, 0, 1, 2, 184.88
1507961817, 0, 2577, 6855, 6511, 414, 14.43%, 0, 1, 2, 180.47
1507962661, 0, 2580, 6855, 6510, 413, 14.43%, 0, 1, 2, 155.16
1507963139, 0, 2607, 6859, 6513, 414, 14.44%, 0, 1, 2, 168.11
1507963740, 0, 2609, 6859, 6512, 413, 14.44%, 0, 1, 2, 149.92
1507964257, 0, 2610, 6859, 6511, 412, 14.44%, 0, 1, 2, 163.74
1507964902, 0, 2616, 6859, 6510, 411, 14.44%, 0, 1, 2, 187.49
1507964918, 0, 2617, 6859, 6509, 410, 14.44%, 0, 1, 2, 169.48
1507965455, 0, 2622, 6867, 6516, 416, 14.46%, 0, 1, 2, 176.19
1507965979, 0, 2624, 6867, 6515, 415, 14.46%, 0, 1, 2, 162.89
1507966614, 0, 2630, 6867, 6514, 414, 14.46%, 0, 1, 2, 179.47
1507967450, 0, 2631, 6867, 6513, 413, 14.46%, 0, 1, 2, 181.74
1507968055, 0, 2633, 6867, 6512, 412, 14.46%, 0, 1, 2, 135.65
1507968476, 0, 2643, 6873, 6517, 412, 14.46%, 0, 1, 2, 156.80
1507968583, 0, 2646, 6873, 6516, 411, 14.46%, 0, 1, 2, 167.36
1507969345, 0, 2647, 6873, 6515, 410, 14.46%, 0, 1, 2, 141.26
1507969396, 0, 2656, 6873, 6514, 410, 14.46%, 0, 1, 2, 174.77
1507970132, 0, 2662, 6873, 6513, 410, 14.46%, 0, 1, 2, 177.54
1507970945, 0, 2666, 6874, 6513, 409, 14.46%, 0, 1, 2, 171.78
1507971805, 0, 2673, 6874, 6512, 408, 14.46%, 0, 1, 2, 156.45
1507972685, 0, 2674, 6874, 6511, 407, 14.46%, 0, 1, 2, 181.35
1507973955, 0, 2680, 6874, 6510, 406, 14.46%, 0, 1, 2, 174.77
1507974564, 0, 2681, 6874, 6509, 405, 14.46%, 0, 1, 2, 166.06
1507975052, 0, 2682, 6874, 6508, 404, 14.46%, 0, 1, 2, 177.11
1507975713, 0, 2687, 6874, 6507, 403, 14.46%, 0, 1, 2, 176.51
1507976542, 0, 2690, 6874, 6506, 402, 14.46%, 0, 1, 2, 181.41
1507977425, 0, 2697, 6874, 6505, 401, 14.46%, 0, 1, 2, 180.89
1507978195, 0, 2715, 6874, 6504, 400, 14.46%, 0, 1, 2, 149.00
1507979405, 0, 2721, 6880, 6509, 399, 14.46%, 0, 1, 2, 118.20
1507980853, 0, 2725, 6880, 6508, 399, 14.46%, 0, 1, 2, 150.39
1507982013, 0, 2736, 6880, 6507, 398, 14.46%, 0, 1, 2, 145.67
1507983476, 0, 2742, 6880, 6506, 397, 14.46%, 0, 1, 2, 107.71
1507984034, 0, 2744, 6880, 6505, 396, 14.46%, 0, 1, 2, 181.25
1507985056, 0, 2754, 6888, 6512, 398, 14.47%, 0, 1, 2, 157.32
1507987582, 0, 2760, 6888, 6511, 397, 14.47%, 0, 1, 2, 174.25
1507988597, 0, 2761, 6888, 6510, 396, 14.47%, 0, 1, 2, 157.21
1507989886, 0, 2772, 6888, 6509, 395, 14.47%, 0, 1, 2, 162.64
1507990528, 0, 2789, 6888, 6508, 394, 14.47%, 0, 1, 2, 182.27
1507991603, 0, 2792, 6891, 6510, 394, 14.47%, 0, 1, 2, 176.32
1507992314, 0, 2794, 6891, 6509, 393, 14.47%, 0, 1, 2, 183.41
1507992929, 0, 2828, 6891, 6508, 392, 14.47%, 0, 1, 2, 180.46
1507993804, 0, 2829, 6891, 6507, 391, 14.47%, 0, 1, 2, 171.65
1507994788, 0, 2841, 6891, 6506, 390, 14.47%, 0, 1, 2, 174.41
1507995638, 0, 2857, 6897, 6511, 388, 14.47%, 0, 1, 2, 153.76
1507996480, 0, 2861, 6897, 6510, 387, 14.47%, 0, 1, 2, 147.70
1507997547, 0, 2868, 6897, 6509, 386, 14.47%, 0, 1, 2, 157.79
1507998426, 0, 2873, 6897, 6508, 385, 14.47%, 0, 1, 2, 159.78
1508020080, 0, 2879, 6897, 6507, 384, 14.47%, 0, 1, 2, 109.73
1508021640, 0, 2879, 6932, 6541, 383, 14.49%, 0, 1, 2, 145.96
1508021645, 0, 2881, 6932, 6541, 383, 14.49%, 0, 1, 2, 160.98
1508022840, 0, 2886, 6932, 6540, 382, 14.49%, 0, 1, 2, 154.85
1508023514, 0, 2895, 6932, 6539, 381, 14.49%, 0, 1, 2, 157.25
1508024269, 0, 2902, 6932, 6538, 380, 14.49%, 0, 1, 2, 126.85
1508025056, 0, 2908, 6932, 6537, 379, 14.49%, 0, 1, 2, 165.99
1508026733, 0, 2913, 6936, 6540, 379, 14.50%, 0, 1, 2, 163.72
1508027500, 0, 2918, 6936, 6539, 378, 14.50%, 0, 1, 2, 176.28
1508028032, 0, 2922, 6936, 6538, 377, 14.50%, 0, 1, 2, 148.64
1508028778, 0, 2924, 6936, 6537, 376, 14.50%, 0, 1, 2, 179.04
1508029648, 0, 2925, 6936, 6536, 375, 14.50%, 0, 1, 2, 169.95
1508029999, 0, 2925, 6937, 6537, 375, 14.50%, 0, 1, 2, 176.14
1508030004, 0, 2925, 6938, 6538, 375, 14.50%, 0, 1, 2, 153.74
1508030436, 0, 2943, 6942, 6541, 376, 14.51%, 0, 1, 2, 183.04
1508030477, 0, 2949, 6942, 6540, 375, 14.51%, 0, 1, 2, 188.29
1508031506, 0, 2960, 6942, 6539, 374, 14.51%, 0, 1, 2, 151.43
1508032003, 0, 2963, 6942, 6538, 373, 14.51%, 0, 1, 2, 179.89
1508032930, 0, 2988, 6942, 6537, 372, 14.51%, 0, 1, 2, 179.58
1508033603, 0, 3041, 6944, 6538, 372, 14.51%, 0, 1, 2, 185.08
1508034206, 0, 3051, 6944, 6537, 372, 14.51%, 0, 1, 2, 181.87
1508035344, 0, 3086, 6944, 6536, 371, 14.51%, 0, 1, 2, 128.16
1508046790, 0, 3090, 6944, 6535, 371, 14.51%, 0, 1, 2, 169.32
1508047228, 0, 3113, 6944, 6534, 370, 14.51%, 0, 1, 2, 183.60
1508047669, 0, 3115, 6953, 6542, 370, 14.51%, 0, 1, 2, 136.44
1508048015, 0, 3118, 6953, 6541, 369, 14.51%, 0, 1, 2, 186.96
1508048256, 0, 3148, 6953, 6540, 368, 14.51%, 0, 1, 2, 185.12
1508049090, 0, 3153, 6953, 6539, 367, 14.51%, 0, 1, 2, 180.27
1508049779, 0, 3157, 6953, 6538, 366, 14.51%, 0, 1, 2, 168.83
1508049795, 0, 3165, 6954, 6538, 365, 14.51%, 0, 1, 2, 138.16
1508050015, 0, 3169, 6954, 6537, 364, 14.51%, 0, 1, 2, 148.98
1508050717, 0, 3182, 6954, 6536, 363, 14.51%, 0, 1, 2, 173.82
1508051529, 0, 3207, 6954, 6535, 363, 14.51%, 0, 1, 2, 176.85
1508056047, 0, 3231, 6954, 6534, 363, 14.51%, 0, 1, 2, 146.26
1508063372, 0, 3293, 6960, 6539, 363, 14.51%, 0, 1, 2, 181.52
1508063608, 0, 3299, 6960, 6538, 362, 14.51%, 0, 1, 2, 188.16
1508063742, 0, 3300, 6960, 6537, 361, 14.51%, 0, 1, 2, 188.31
1508063876, 0, 3301, 6960, 6536, 360, 14.51%, 0, 1, 2, 189.65
1508063994, 0, 3302, 6960, 6535, 359, 14.51%, 0, 1, 2, 170.25
1508064004, 0, 3304, 6962, 6536, 358, 14.51%, 0, 1, 2, 185.47
1508064594, 0, 3307, 6962, 6535, 357, 14.51%, 0, 1, 2, 180.91
1508064635, 0, 3312, 6962, 6534, 356, 14.51%, 0, 1, 2, 141.62
1508064687, 0, 3333, 6962, 6533, 355, 14.51%, 0, 1, 2, 181.70
1508067969, 0, 3347, 6962, 6532, 354, 14.51%, 0, 1, 2, 180.30
1508069838, 0, 3351, 6968, 6537, 355, 14.51%, 0, 1, 2, 176.20
1508072026, 0, 3377, 6968, 6536, 354, 14.51%, 0, 1, 2, 155.16
1508072056, 0, 3425, 6968, 6535, 353, 14.51%, 0, 1, 2, 137.78
1508072445, 0, 3428, 6968, 6534, 352, 14.51%, 0, 1, 2, 186.04
1508072658, 0, 3429, 6968, 6533, 351, 14.51%, 0, 1, 2, 187.26
1508072796, 0, 3433, 6969, 6533, 350, 14.51%, 0, 1, 2, 182.59
1508073131, 0, 3440, 6969, 6532, 349, 14.51%, 0, 1, 2, 184.49
1508073151, 0, 3446, 6969, 6531, 348, 14.51%, 0, 1, 2, 181.17
1508073177, 0, 3451, 6969, 6530, 347, 14.51%, 0, 1, 2, 178.09
1508073321, 0, 3467, 6969, 6529, 346, 14.51%, 0, 1, 2, 181.74
1508076017, 0, 3471, 6974, 6533, 346, 14.51%, 0, 1, 2, 164.48
1508076589, 0, 3480, 6974, 6532, 345, 14.51%, 0, 1, 2, 182.02
1508077412, 0, 3494, 6974, 6531, 344, 14.51%, 0, 1, 2, 183.34
1508077707, 0, 3496, 6974, 6530, 344, 14.51%, 0, 1, 2, 183.00
1508078306, 0, 3498, 6974, 6529, 343, 14.51%, 0, 1, 2, 184.08
1508080537, 0, 3507, 6981, 6535, 344, 14.52%, 0, 1, 2, 178.77
1508080746, 0, 3513, 6981, 6534, 343, 14.52%, 0, 1, 2, 157.69
1508080916, 0, 3521, 6981, 6533, 342, 14.52%, 0, 1, 2, 186.88
1508081181, 0, 3528, 6981, 6532, 341, 14.52%, 0, 1, 2, 184.98
1508081641, 0, 3534, 6981, 6531, 340, 14.52%, 0, 1, 2, 187.07
1508081672, 0, 3540, 6982, 6531, 341, 14.52%, 0, 1, 2, 165.71
1508081688, 0, 3542, 6982, 6530, 340, 14.52%, 0, 1, 2, 187.38
1508081870, 0, 3543, 6982, 6529, 339, 14.52%, 0, 1, 2, 185.43
1508081880, 0, 3544, 6982, 6528, 338, 14.52%, 0, 1, 2, 182.36
1508082571, 0, 3545, 6982, 6527, 337, 14.52%, 0, 1, 2, 178.79
1508082850, 0, 3546, 6983, 6527, 336, 14.52%, 0, 1, 2, 184.69
1508083255, 0, 3548, 6983, 6526, 335, 14.52%, 0, 1, 2, 187.51
1508083493, 0, 3550, 6983, 6525, 334, 14.52%, 0, 1, 2, 177.29
1508083723, 0, 3551, 6983, 6524, 333, 14.52%, 0, 1, 2, 186.30
1508083961, 0, 3552, 6983, 6523, 332, 14.52%, 0, 1, 2, 165.16
1508084776, 0, 3553, 6983, 6522, 331, 14.52%, 0, 1, 2, 148.77
1508085054, 0, 3554, 6983, 6521, 330, 14.52%, 0, 1, 2, 177.01
1508085916, 0, 3556, 6983, 6520, 329, 14.52%, 0, 1, 2, 145.55
1508086368, 0, 3558, 6983, 6519, 328, 14.52%, 0, 1, 2, 176.23
1508086811, 0, 3559, 6983, 6518, 327, 14.52%, 0, 1, 2, 186.01
1508087253, 0, 3570, 6983, 6517, 326, 14.52%, 0, 1, 2, 178.09
1508087273, 0, 3574, 6983, 6516, 325, 14.52%, 0, 1, 2, 133.86
1508087442, 0, 3576, 6983, 6515, 324, 14.52%, 0, 1, 2, 149.02
1508087457, 0, 3579, 6983, 6514, 323, 14.52%, 0, 1, 2, 180.68
1508087468, 0, 3580, 6983, 6513, 322, 14.52%, 0, 1, 2, 187.86
1508087478, 0, 3586, 6983, 6512, 321, 14.52%, 0, 1, 2, 185.68
1508087488, 0, 3593, 6983, 6511, 320, 14.52%, 0, 1, 2, 178.83
1508087643, 0, 3600, 6983, 6510, 319, 14.52%, 0, 1, 2, 188.19
1508087658, 0, 3601, 6983, 6509, 318, 14.52%, 0, 1, 2, 148.99
1508087673, 0, 3604, 6983, 6508, 317, 14.52%, 0, 1, 2, 168.62
1508087980, 0, 3607, 6983, 6507, 316, 14.52%, 0, 1, 2, 189.52
1508087995, 0, 3608, 6983, 6506, 315, 14.52%, 0, 1, 2, 190.74
1508088011, 0, 3609, 6983, 6505, 314, 14.52%, 0, 1, 2, 190.41
1508088041, 0, 3627, 6983, 6504, 313, 14.52%, 0, 1, 2, 183.73
1508088057, 0, 3631, 6983, 6503, 312, 14.52%, 0, 1, 2, 137.21
1508088134, 0, 3633, 6983, 6502, 311, 14.52%, 0, 1, 2, 187.49
1508088149, 0, 3635, 6983, 6501, 310, 14.52%, 0, 1, 2, 142.24
1508088257, 0, 3647, 6983, 6500, 309, 14.52%, 0, 1, 2, 170.54
1508088272, 0, 3648, 6983, 6499, 308, 14.52%, 0, 1, 2, 185.74
1508088767, 0, 3649, 6983, 6498, 307, 14.52%, 0, 1, 2, 179.33
1508089647, 0, 3650, 6984, 6498, 306, 14.52%, 0, 1, 2, 181.63
1508089657, 0, 3653, 6984, 6497, 305, 14.52%, 0, 1, 2, 173.35
1508090109, 0, 3660, 6984, 6496, 304, 14.52%, 0, 1, 2, 152.45
1508090416, 0, 3661, 6984, 6495, 303, 14.52%, 0, 1, 2, 187.86
1508090565, 0, 3668, 6984, 6494, 302, 14.52%, 0, 1, 2, 185.61
1508090678, 0, 3672, 6984, 6493, 301, 14.52%, 0, 1, 2, 141.55
1508091158, 0, 3674, 6984, 6492, 300, 14.52%, 0, 1, 2, 182.31
1508091437, 0, 3677, 6984, 6491, 299, 14.52%, 0, 1, 2, 177.20
1508091560, 0, 3686, 6984, 6490, 298, 14.52%, 0, 1, 2, 183.18
1508091647, 0, 3687, 6984, 6489, 297, 14.52%, 0, 1, 2, 184.41
1508091822, 0, 3688, 6986, 6490, 296, 14.52%, 0, 1, 2, 176.10
1508094151, 0, 3689, 6986, 6489, 295, 14.52%, 0, 1, 2, 152.05
1508094308, 0, 3695, 6986, 6488, 294, 14.52%, 0, 1, 2, 178.23
1508094375, 0, 3699, 6986, 6487, 293, 14.52%, 0, 1, 2, 178.30
1508094962, 0, 3716, 6986, 6486, 292, 14.52%, 0, 1, 2, 186.51
1508095549, 0, 3765, 6986, 6485, 291, 14.52%, 0, 1, 2, 175.40
1508099966, 0, 3792, 6986, 6484, 291, 14.52%, 0, 1, 2, 180.24
1508101031, 0, 3797, 6986, 6483, 290, 14.52%, 0, 1, 2, 131.29
1508101098, 0, 3803, 6986, 6482, 289, 14.52%, 0, 1, 2, 141.24
1508101534, 0, 3805, 6986, 6481, 288, 14.52%, 0, 1, 2, 158.82
1508101620, 0, 3806, 6990, 6484, 287, 14.53%, 0, 1, 2, 128.39
1508102045, 0, 3826, 6990, 6483, 286, 14.53%, 0, 1, 2, 135.40
1508102055, 0, 3842, 6990, 6482, 285, 14.53%, 0, 1, 2, 150.16
1508103108, 0, 3854, 6990, 6481, 285, 14.53%, 0, 1, 2, 167.37
1508104080, 0, 3857, 6990, 6480, 284, 14.53%, 0, 1, 2, 186.39
1508105300, 0, 3867, 6993, 6482, 284, 14.53%, 0, 1, 2, 164.12
1508108450, 0, 3871, 6993, 6481, 284, 14.53%, 0, 1, 2, 187.05
1508108465, 0, 3904, 6993, 6480, 283, 14.53%, 0, 1, 2, 169.71
1508109031, 0, 3904, 6993, 6480, 283, 14.53%, 0, 2, 2, 144.41
1508109366, 0, 3915, 6993, 6479, 282, 14.53%, 0, 2, 2, 169.79
1508110405, 0, 3928, 6993, 6478, 281, 14.53%, 0, 2, 2, 173.06
1508111406, 0, 3932, 6994, 6478, 280, 14.53%, 0, 2, 2, 155.68
1508111605, 0, 3934, 6994, 6477, 279, 14.53%, 0, 2, 2, 179.62
1508112882, 0, 3934, 6994, 6477, 279, 14.53%, 0, 3, 2, 40.54
1508113061, 0, 3935, 6994, 6476, 278, 14.53%, 0, 3, 2, 160.51
1508113352, 0, 3942, 6994, 6475, 277, 14.53%, 0, 3, 2, 152.65
1508113756, 0, 3945, 6994, 6474, 276, 14.53%, 0, 3, 2, 137.33
1508113966, 0, 3946, 7001, 6480, 278, 14.54%, 0, 3, 2, 146.27
1508114686, 0, 3947, 7001, 6479, 277, 14.54%, 0, 3, 2, 142.54
1508114921, 0, 3955, 7001, 6478, 276, 14.54%, 0, 3, 2, 163.15
1508114926, 0, 3980, 7001, 6477, 275, 14.54%, 0, 3, 2, 162.32
1508115043, 0, 3999, 7001, 6476, 274, 14.54%, 0, 3, 2, 151.51
1508115335, 0, 4027, 7001, 6475, 274, 14.54%, 0, 3, 2, 118.11
1508116623, 0, 4092, 7001, 6474, 273, 14.54%, 0, 3, 2, 174.58
1508117164, 0, 4094, 7001, 6473, 272, 14.54%, 0, 3, 2, 82.22
1508121695, 0, 4095, 7001, 6472, 271, 14.54%, 0, 3, 2, 138.10
1508121832, 0, 4112, 7001, 6471, 270, 14.54%, 0, 3, 2, 166.41
1508122261, 0, 4122, 7003, 6472, 269, 14.54%, 0, 3, 2, 21.95
1508342323, 0, 4133, 7003, 6471, 269, 14.54%, 0, 3, 2, 178.22
1508342901, 0, 4134, 7003, 6470, 269, 14.54%, 0, 3, 2, 161.44
1508343968, 0, 4156, 7003, 6469, 268, 14.54%, 0, 3, 2, 170.68
1508344188, 0, 4163, 7003, 6468, 267, 14.54%, 0, 3, 2, 121.94
1508345946, 0, 4163, 7034, 6498, 266, 14.56%, 0, 3, 2, 169.41
1508345952, 0, 4163, 7114, 6578, 266, 14.63%, 0, 3, 2, 147.97
1508345957, 0, 4163, 7163, 6627, 266, 14.66%, 0, 3, 2, 140.39
1508345962, 0, 4205, 7163, 6627, 299, 14.66%, 0, 3, 2, 174.41
1508347312, 0, 4215, 7163, 6626, 298, 14.66%, 0, 3, 2, 171.95
1508347573, 0, 4243, 7163, 6625, 297, 14.66%, 0, 3, 2, 175.81
1508348035, 0, 4246, 7163, 6624, 296, 14.66%, 0, 3, 2, 176.33
1508348413, 0, 4251, 7163, 6623, 295, 14.66%, 0, 3, 2, 155.73
1508348679, 0, 4262, 7165, 6624, 294, 14.66%, 0, 3, 2, 177.17
1508349655, 0, 4284, 7165, 6623, 294, 14.66%, 0, 3, 2, 164.58
1508351941, 0, 4301, 7165, 6622, 294, 14.66%, 0, 3, 2, 162.55
1508352181, 0, 4309, 7165, 6621, 293, 14.66%, 0, 3, 2, 96.24
1508355298, 0, 4313, 7165, 6620, 293, 14.66%, 0, 3, 2, 116.99
1508355651, 0, 4315, 7171, 6625, 293, 14.66%, 0, 3, 2, 175.19
1508357751, 0, 4371, 7171, 6624, 293, 14.66%, 0, 3, 2, 176.45
1508358263, 0, 4401, 7171, 6623, 292, 14.66%, 0, 3, 2, 131.90
1508358488, 0, 4412, 7171, 6622, 292, 14.66%, 0, 3, 2, 136.52
1508358862, 0, 4412, 7171, 6622, 292, 14.66%, 0, 4, 2, 104.65
1508358867, 0, 4426, 7171, 6621, 291, 14.66%, 0, 4, 2, 126.04
1508359010, 0, 4465, 7180, 6629, 293, 14.67%, 0, 4, 2, 98.96
1508365031, 0, 4478, 7180, 6628, 293, 14.67%, 0, 4, 2, 97.15
1508365901, 0, 4480, 7180, 6627, 292, 14.67%, 0, 4, 2, 155.04
1508366044, 0, 4485, 7180, 6626, 291, 14.67%, 0, 4, 2, 162.87
1508367406, 0, 4485, 7180, 6626, 291, 14.67%, 0, 5, 2, 98.20
1508367810, 0, 4489, 7180, 6625, 290, 14.67%, 0, 5, 2, 99.23
1508368362, 0, 4538, 7189, 6633, 291, 14.67%, 0, 5, 2, 102.67
1508368474, 0, 4553, 7189, 6632, 290, 14.67%, 0, 5, 2, 130.63
1508369422, 0, 4566, 7189, 6631, 290, 14.67%, 0, 5, 2, 85.01
1508369663, 0, 4567, 7189, 6630, 289, 14.67%, 0, 5, 2, 137.32
1508369898, 0, 4579, 7189, 6629, 289, 14.67%, 0, 5, 2, 121.78
1508370362, 0, 4693, 7189, 6628, 289, 14.67%, 0, 5, 2, 122.28
1508370806, 0, 4708, 7189, 6627, 288, 14.67%, 0, 5, 2, 175.52
1508374087, 0, 4710, 7189, 6626, 287, 14.67%, 0, 5, 2, 179.92
1508375053, 0, 4769, 7189, 6625, 286, 14.67%, 0, 5, 2, 88.14
1508375073, 0, 4769, 7189, 6625, 286, 14.67%, 0, 6, 2, 107.99
1508375706, 0, 4789, 7189, 6624, 285, 14.67%, 0, 6, 2, 120.34
1508376070, 0, 4791, 7190, 6624, 284, 14.67%, 0, 6, 2, 158.98
1508376355, 0, 4800, 7190, 6623, 283, 14.67%, 0, 6, 2, 175.10
1508376513, 0, 4827, 7190, 6622, 282, 14.67%, 0, 6, 2, 178.90
1508376809, 0, 4885, 7190, 6621, 281, 14.67%, 0, 6, 2, 170.54
1508377207, 0, 4889, 7190, 6620, 280, 14.67%, 0, 6, 2, 149.55
1508377575, 0, 4904, 7193, 6622, 279, 14.67%, 0, 6, 2, 167.55
1508378623, 0, 4948, 7193, 6621, 278, 14.67%, 0, 6, 2, 61.13
1508379164, 0, 4973, 7193, 6620, 277, 14.67%, 0, 6, 2, 160.78
1508379814, 0, 5011, 7193, 6619, 276, 14.67%, 0, 6, 2, 149.08
1508379973, 0, 5050, 7193, 6618, 275, 14.67%, 0, 6, 2, 114.95
1508381194, 0, 5056, 7198, 6622, 275, 14.68%, 0, 6, 2, 115.98
1508385517, 0, 5062, 7198, 6621, 275, 14.68%, 0, 6, 2, 81.77
1508385523, 0, 5062, 7198, 6621, 275, 14.68%, 0, 7, 2, 21.33
1508387028, 0, 5070, 7198, 6620, 274, 14.68%, 0, 7, 2, 133.12
1508387329, 0, 5108, 7198, 6619, 273, 14.68%, 0, 7, 2, 167.84
1508387522, 0, 5123, 7198, 6618, 272, 14.68%, 0, 7, 2, 164.51
1508387989, 0, 5142, 7205, 6624, 271, 14.68%, 0, 7, 2, 146.33
1508389566, 0, 5152, 7205, 6623, 271, 14.68%, 0, 7, 2, 139.46
1508390269, 0, 5226, 7205, 6622, 270, 14.68%, 0, 7, 2, 172.81
1508390608, 0, 5230, 7205, 6621, 269, 14.68%, 0, 7, 2, 163.55
1508390896, 0, 5231, 7205, 6620, 268, 14.68%, 0, 7, 2, 172.50
1508391044, 0, 5250, 7209, 6623, 268, 14.68%, 0, 7, 2, 174.16
1508391228, 0, 5251, 7209, 6622, 267, 14.68%, 0, 7, 2, 161.13
1508391722, 0, 5256, 7209, 6621, 266, 14.68%, 0, 7, 2, 131.71
1508391885, 0, 5258, 7209, 6620, 265, 14.68%, 0, 7, 2, 155.25
1508392182, 0, 5264, 7209, 6619, 264, 14.68%, 0, 7, 2, 123.37
1508392443, 0, 5271, 7209, 6618, 263, 14.68%, 0, 7, 2, 173.44
1508392648, 0, 5279, 7209, 6617, 262, 14.68%, 0, 7, 2, 168.77
1508394272, 0, 5280, 7209, 6616, 262, 14.68%, 0, 7, 2, 121.08
1508394528, 0, 5283, 7209, 6615, 261, 14.68%, 0, 7, 2, 170.80
1508394824, 0, 5326, 7209, 6614, 261, 14.68%, 0, 7, 2, 162.77
1508397412, 0, 5354, 7209, 6613, 260, 14.68%, 0, 7, 2, 162.43
1508398058, 0, 5395, 7209, 6612, 259, 14.68%, 0, 7, 2, 129.61
1508398202, 0, 5405, 7209, 6611, 258, 14.68%, 0, 7, 2, 177.90
1508398462, 0, 5439, 7209, 6610, 257, 14.68%, 0, 7, 2, 160.02
1508399258, 0, 5453, 7209, 6609, 256, 14.68%, 0, 7, 2, 159.70
1508402909, 0, 5456, 7213, 6612, 255, 14.68%, 0, 7, 2, 90.57
1508405504, 0, 5459, 7213, 6611, 254, 14.68%, 0, 7, 2, 136.08
1508407133, 0, 5461, 7213, 6610, 253, 14.68%, 0, 7, 2, 160.78
1508408705, 0, 5463, 7213, 6609, 252, 14.68%, 0, 7, 2, 161.49
1508410482, 0, 5466, 7213, 6608, 251, 14.68%, 0, 7, 2, 157.72
1508411942, 0, 5486, 7216, 6610, 250, 14.68%, 0, 7, 2, 168.75
1508412224, 0, 5511, 7216, 6609, 249, 14.68%, 0, 7, 2, 122.11
1508412458, 0, 5514, 7216, 6608, 248, 14.68%, 0, 7, 2, 167.99
1508412643, 0, 5525, 7216, 6607, 247, 14.68%, 0, 7, 2, 169.81
1508413019, 0, 5529, 7216, 6606, 246, 14.68%, 0, 7, 2, 147.36
1508454874, 0, 5529, 7225, 6614, 246, 14.69%, 0, 7, 2, 140.19
1508454879, 0, 5550, 7234, 6623, 248, 14.69%, 0, 7, 2, 151.49
1508456793, 0, 5553, 7234, 6622, 248, 14.69%, 0, 7, 2, 163.19
1508458306, 0, 5557, 7234, 6621, 247, 14.69%, 0, 7, 2, 165.97
1508459228, 0, 5578, 7234, 6620, 246, 14.69%, 0, 7, 2, 149.00
1508490199, 0, 5620, 7234, 6619, 246, 14.69%, 0, 7, 2, 163.69
1508490745, 0, 5620, 7261, 6645, 245, 14.71%, 0, 7, 2, 139.55
1508490750, 0, 5631, 7261, 6645, 250, 14.71%, 0, 7, 2, 124.42
1508491594, 0, 5641, 7261, 6644, 249, 14.71%, 0, 7, 2, 161.74
1508492697, 0, 5647, 7261, 6643, 248, 14.71%, 0, 7, 2, 167.66
1508493271, 0, 5701, 7261, 6642, 247, 14.71%, 0, 7, 2, 171.71
1508494739, 0, 5703, 7261, 6641, 246, 14.71%, 0, 7, 2, 145.34
1508495215, 0, 5707, 7261, 6640, 245, 14.71%, 0, 7, 2, 164.60
1508497970, 0, 5733, 7261, 6639, 245, 14.71%, 0, 7, 2, 148.94
1508497996, 0, 5743, 7261, 6638, 244, 14.71%, 0, 7, 2, 172.62
1508498431, 0, 5814, 7261, 6637, 243, 14.71%, 0, 7, 2, 177.04
1508499214, 0, 5821, 7261, 6636, 242, 14.71%, 0, 7, 2, 176.55
1508499229, 0, 5832, 7262, 6636, 241, 14.71%, 0, 7, 2, 186.65
1508499255, 0, 5833, 7262, 6635, 240, 14.71%, 0, 7, 2, 188.20
1508499270, 0, 5836, 7262, 6634, 239, 14.71%, 0, 7, 2, 188.60
1508499428, 0, 5837, 7262, 6633, 238, 14.71%, 0, 7, 2, 185.51
1508499797, 0, 5864, 7262, 6632, 237, 14.71%, 0, 7, 2, 181.62
1508501362, 0, 5874, 7262, 6631, 236, 14.71%, 0, 7, 2, 182.16
1508502737, 0, 5912, 7262, 6630, 235, 14.71%, 0, 7, 2, 179.29
1508503033, 0, 5914, 7262, 6629, 234, 14.71%, 0, 7, 2, 176.48
1508503547, 0, 5917, 7262, 6628, 233, 14.71%, 0, 7, 2, 156.74
1508509459, 0, 5917, 7262, 6628, 233, 14.71%, 0, 8, 2, 110.56
1508516187, 0, 5928, 7262, 6627, 232, 14.71%, 0, 8, 2, 157.27
1508516857, 0, 6009, 7281, 6645, 241, 14.74%, 0, 8, 2, 172.16
1508517231, 0, 6016, 7281, 6644, 240, 14.74%, 0, 8, 2, 143.63
1508517595, 0, 6018, 7281, 6643, 239, 14.74%, 0, 8, 2, 169.15
1508518081, 0, 6033, 7281, 6642, 238, 14.74%, 0, 8, 2, 170.10
1508518372, 0, 6039, 7281, 6641, 237, 14.74%, 0, 8, 2, 170.43
1508518854, 0, 6042, 7281, 6640, 236, 14.74%, 0, 8, 2, 174.29
1508519978, 0, 6042, 7281, 6640, 236, 14.74%, 0, 9, 2, 159.32
1508519983, 0, 6050, 7281, 6639, 235, 14.74%, 0, 9, 2, 129.57
1508520542, 0, 6051, 7281, 6638, 234, 14.74%, 0, 9, 2, 126.20
1508520962, 0, 6056, 7281, 6637, 233, 14.74%, 0, 9, 2, 177.74
1508521336, 0, 6073, 7281, 6636, 232, 14.74%, 0, 9, 2, 165.58
1508521633, 0, 6086, 7283, 6637, 230, 14.75%, 0, 9, 2, 172.03
1508522144, 0, 6097, 7283, 6636, 229, 14.75%, 0, 9, 2, 178.49
1508522631, 0, 6102, 7283, 6635, 228, 14.75%, 0, 9, 2, 167.54
1508523055, 0, 6108, 7283, 6634, 227, 14.75%, 0, 9, 2, 171.48
1508523996, 0, 6110, 7283, 6633, 226, 14.75%, 0, 9, 2, 171.83
1508524442, 0, 6117, 7284, 6633, 226, 14.75%, 0, 9, 2, 161.78
1508524760, 0, 6126, 7284, 6632, 225, 14.75%, 0, 9, 2, 170.33
1508525050, 0, 6163, 7284, 6631, 224, 14.75%, 0, 9, 2, 164.76
1508525261, 0, 6168, 7284, 6630, 223, 14.75%, 0, 9, 2, 130.27
1508525328, 0, 6169, 7284, 6629, 222, 14.75%, 0, 9, 2, 185.14
1508525580, 0, 6182, 7284, 6628, 221, 14.75%, 0, 9, 2, 176.82
1508525600, 0, 6183, 7284, 6627, 220, 14.75%, 0, 9, 2, 183.06
1508525879, 0, 6184, 7284, 6626, 219, 14.75%, 0, 9, 2, 128.84
1508529310, 0, 6191, 7284, 6625, 218, 14.75%, 0, 9, 2, 178.72
1508529520, 0, 6196, 7284, 6624, 217, 14.75%, 0, 9, 2, 179.50
1508529753, 0, 6199, 7284, 6623, 216, 14.75%, 0, 9, 2, 112.76
1508536795, 0, 6203, 7284, 6622, 216, 14.75%, 0, 9, 2, 121.21
1508537010, 0, 6205, 7284, 6621, 215, 14.75%, 0, 9, 2, 154.73
1508537456, 0, 6218, 7284, 6620, 214, 14.75%, 0, 9, 2, 189.65
1508537466, 0, 6220, 7284, 6619, 213, 14.75%, 0, 9, 2, 184.45
